{
    "asset": {
        "generator": "COLLADA2GLTF",
        "version": "2.0"
    },
    "scenes": [
        {
            "nodes": [
                0
            ]
        }
    ],
    "scene": 0,
    "nodes": [
        {
            "children": [
                35,
                1
            ],
            "matrix": [
                1.0,
                0.0,
                0.0,
                0.0,
                0.0,
                0.0,
                -1.0,
                0.0,
                0.0,
                1.0,
                0.0,
                0.0,
                0.0,
                0.0,
                0.0,
                1.0
            ],
            "name": "Z_UP"
        },
        {
            "mesh": 0,
            "skin": 0,
            "name": "TopN"
        },
        {
            "children": [
                3
            ],
            "matrix": [
                1.0,
                0.0,
                0.0,
                0.0,
                0.0,
                7.549790126404332e-8,
                -1.0,
                0.0,
                0.0,
                1.0,
                7.549790126404332e-8,
                0.0,
                0.0,
                0.0,
                0.0,
                1.0
            ],
            "name": "TransN"
        },
        {
            "children": [
                5,
                4
            ],
            "matrix": [
                1.0,
                0.0,
                0.0,
                0.0,
                0.0,
                1.0,
                0.0,
                0.0,
                0.0,
                0.0,
                1.0,
                0.0,
                0.0,
                5.525000095367432,
                0.0,
                1.0
            ],
            "name": "RotN"
        },
        {
            "matrix": [
                1.0,
                0.0,
                0.0,
                0.0,
                0.0,
                1.0,
                0.0,
                0.0,
                0.0,
                0.0,
                1.0,
                0.0,
                0.0,
                -5.525000095367432,
                4.171259888607892e-7,
                1.0
            ],
            "name": "ThrowN"
        },
        {
            "children": [
                23,
                6
            ],
            "matrix": [
                -4.371139894487897e-8,
                7.549790126404332e-8,
                1.0,
                0.0,
                -7.549790126404332e-8,
                0.9999999403953552,
                -7.549790126404332e-8,
                0.0,
                -1.0,
                -7.549790126404332e-8,
                -4.371139894487897e-8,
                0.0,
                0.0,
                0.0,
                2.273740007038838e-13,
                1.0
            ],
            "name": "HipN"
        },
        {
            "children": [
                15,
                11,
                7
            ],
            "matrix": [
                0.9919335842132568,
                0.12675809860229493,
                -1.2445999786336872e-8,
                0.0,
                -0.12675820291042329,
                0.9919335842132568,
                -7.883179620193914e-8,
                0.0,
                2.3530599690957389e-9,
                7.977359928190708e-8,
                1.0,
                0.0,
                0.0000023875400074757637,
                0.0000028610199933609698,
                -9.999999974752428e-7,
                1.0
            ],
            "name": "WaistN"
        },
        {
            "children": [
                8
            ],
            "matrix": [
                0.863555908203125,
                -0.5042533278465271,
                -8.134859541542029e-8,
                0.0,
                -0.5042533278465271,
                -0.8635556101799011,
                6.286929732368664e-8,
                0.0,
                -1.019510023070325e-7,
                -1.3270799570364034e-8,
                -1.0,
                0.0,
                4.060030937194824,
                -0.5075274109840393,
                1.462501049041748,
                1.0
            ],
            "name": "RShoulderJ"
        },
        {
            "children": [
                9
            ],
            "matrix": [
                0.766048789024353,
                -0.6427826285362244,
                4.706129885789778e-8,
                0.0,
                0.6427823901176453,
                0.7660487294197083,
                2.2320699599731603e-7,
                0.0,
                -2.628609934163251e-7,
                -8.917579918943376e-8,
                1.0,
                0.0,
                -1.1920899822825962e-7,
                1.896144986152649,
                -1.1920899822825962e-7,
                1.0
            ],
            "name": "RArmJ"
        },
        {
            "children": [
                10
            ],
            "matrix": [
                0.9945223927497864,
                0.10452210158109664,
                -3.191469843955019e-8,
                0.0,
                -0.10452199727296828,
                0.994522511959076,
                -4.791249921254348e-7,
                0.0,
                -1.2883999644941469e-8,
                5.334990191840916e-7,
                1.0,
                0.0,
                0.0,
                1.8365880250930789,
                -1.1920899822825962e-7,
                1.0
            ],
            "name": "RHandN"
        },
        {
            "matrix": [
                0.9816256165504456,
                0.19081740081310273,
                -1.0331599753499177e-7,
                0.0,
                -0.19081740081310273,
                0.981625497341156,
                1.357939964918842e-7,
                0.0,
                6.455509549141425e-8,
                -1.0301700115178393e-7,
                1.0,
                0.0,
                0.0,
                1.4487429857254029,
                1.1920899822825962e-7,
                1.0
            ],
            "name": "R1stNa"
        },
        {
            "children": [
                12
            ],
            "matrix": [
                0.8635523319244385,
                -0.5042595863342285,
                -1.5707499301242937e-7,
                0.0,
                -0.5042597055435181,
                -0.8635522127151489,
                -6.28688994197546e-8,
                0.0,
                -1.0393999616553629e-7,
                1.334969965682831e-7,
                -0.9999999403953552,
                0.0,
                4.060044765472412,
                -0.507515013217926,
                -1.4624990224838257,
                1.0
            ],
            "name": "LShoulderJ"
        },
        {
            "children": [
                13
            ],
            "matrix": [
                0.7660449147224426,
                -0.6427873373031616,
                6.730199686444395e-8,
                0.0,
                0.6427872180938721,
                0.7660447359085083,
                -1.1840199931612007e-7,
                0.0,
                -1.5633399641501459e-7,
                -1.7776899596810839e-7,
                0.9999999403953552,
                0.0,
                -1.1920899822825962e-7,
                1.8961570262908936,
                0.0,
                1.0
            ],
            "name": "LArmJ"
        },
        {
            "children": [
                14
            ],
            "matrix": [
                0.9945217967033386,
                0.10452859848737717,
                -8.62679996771476e-7,
                0.0,
                -0.10452870279550553,
                0.9945219159126282,
                -0.0000014138799997454044,
                0.0,
                6.943699872863363e-7,
                0.000001242170014847943,
                1.0,
                0.0,
                0.0,
                1.8365919589996336,
                -1.1920899822825962e-7,
                1.0
            ],
            "name": "LHandN"
        },
        {
            "matrix": [
                0.9816567301750184,
                0.19050060212612153,
                0.007727006915956736,
                0.0,
                -0.1906574070453644,
                0.9808425903320313,
                0.03996919095516205,
                0.0,
                0.00003508249938022345,
                -0.04070911929011345,
                0.999171018600464,
                0.0,
                0.0,
                1.4487450122833253,
                0.0,
                1.0
            ],
            "name": "L1stNa"
        },
        {
            "children": [
                16
            ],
            "matrix": [
                0.35376831889152529,
                -0.935333013534546,
                -1.171559986801185e-7,
                0.0,
                0.9353331327438356,
                0.35376831889152529,
                -6.202629947438254e-7,
                0.0,
                6.21598985617311e-7,
                1.0984999931906715e-7,
                0.9999999403953552,
                0.0,
                2.5051119327545168,
                -0.01235198974609375,
                -1.102379982853563e-7,
                1.0
            ],
            "name": "BustN"
        },
        {
            "children": [
                17
            ],
            "matrix": [
                0.848049521446228,
                0.5299171805381775,
                0.0000014102099612500752,
                0.0,
                -0.5299174189567566,
                0.848049521446228,
                0.000002111160029016901,
                0.0,
                -7.718709582604788e-8,
                -0.000002537660066082026,
                1.0,
                0.0,
                2.38419005427204e-7,
                1.6653759479522706,
                -1.136870003519419e-13,
                1.0
            ],
            "name": "NeckN"
        },
        {
            "children": [
                21,
                20,
                18
            ],
            "matrix": [
                0.8660266995429993,
                0.4999977946281433,
                -0.00000167183998200926,
                0.0,
                -0.4999977946281433,
                0.8660265803337097,
                -9.695560265754469e-7,
                0.0,
                9.630820159145517e-7,
                0.000001675579937909788,
                1.0,
                0.0,
                1.2665999804539755e-7,
                1.8052120208740237,
                9.0949502703358e-13,
                1.0
            ],
            "name": "HeadN"
        },
        {
            "children": [
                19
            ],
            "matrix": [
                -1.0,
                -1.351519927084155e-7,
                4.8262897678341697e-8,
                0.0,
                4.8262897678341697e-8,
                -1.6557000215300378e-9,
                1.0,
                0.0,
                -1.0273100059521313e-7,
                0.9999999403953552,
                1.6557399895589243e-9,
                0.0,
                0.21048930287361146,
                1.949989914894104,
                1.787498950958252,
                1.0
            ],
            "name": "REarNa"
        },
        {
            "matrix": [
                -1.3568599399604867e-7,
                0.9999999403953552,
                3.6714897788669996e-8,
                0.0,
                5.901990007828317e-8,
                -6.912070027453865e-9,
                0.9999999403953552,
                0.0,
                0.9999999403953552,
                1.3568599399604867e-7,
                -8.882539503929365e-8,
                0.0,
                4.768369876728684e-7,
                1.2350000143051148,
                -9.536739753457368e-7,
                1.0
            ],
            "name": "REarNb"
        },
        {
            "matrix": [
                0.9863939881324768,
                -0.1643989086151123,
                -7.779179966860284e-9,
                0.0,
                0.16439899802207948,
                0.986393928527832,
                -8.0841296323797e-8,
                0.0,
                2.096359885683796e-8,
                7.84624987204552e-8,
                1.0,
                0.0,
                1.32675302028656,
                -0.8221145272254944,
                4.0739700502001609e-9,
                1.0
            ],
            "name": "MouthN"
        },
        {
            "children": [
                22
            ],
            "matrix": [
                -1.0,
                6.7407199821900588e-9,
                4.826279820235868e-8,
                0.0,
                -4.8262897678341697e-8,
                8.907849746719877e-8,
                -1.0,
                0.0,
                -3.9161598408554719e-8,
                -0.9999999403953552,
                -8.907849746719877e-8,
                0.0,
                0.21048930287361146,
                1.949989914894104,
                -1.7875009775161744,
                1.0
            ],
            "name": "LEarNa"
        },
        {
            "matrix": [
                -3.915990021141624e-8,
                1.0,
                -5.0707900101087947e-8,
                0.0,
                -5.505489752977155e-8,
                -6.004940100723388e-9,
                -0.9999998211860656,
                0.0,
                -1.0,
                -1.2523799775010504e-8,
                5.3181498316234868e-8,
                0.0,
                0.0,
                1.2350009679794312,
                9.536739753457368e-7,
                1.0
            ],
            "name": "LEarNb"
        },
        {
            "children": [
                31,
                27,
                24
            ],
            "matrix": [
                -1.0,
                1.2000099569901227e-14,
                1.5099600148005269e-7,
                0.0,
                -8.699949940148277e-15,
                0.9999999403953552,
                -1.5894599414423286e-7,
                0.0,
                -1.5099600148005269e-7,
                -1.5894599414423286e-7,
                -1.0,
                0.0,
                -1.4210900793794338e-13,
                0.0,
                -0.000003000000106112566,
                1.0
            ],
            "name": "HipNb"
        },
        {
            "children": [
                25
            ],
            "matrix": [
                7.549790126404332e-8,
                0.9999999403953552,
                -1.0728400212656197e-7,
                0.0,
                1.0,
                -7.549790126404332e-8,
                4.371139894487897e-8,
                0.0,
                4.371139894487897e-8,
                -1.0728400212656197e-7,
                -1.0,
                0.0,
                4.159209728240967,
                1.351409912109375,
                7.9776796724218e-8,
                1.0
            ],
            "name": "TailNa"
        },
        {
            "children": [
                26
            ],
            "matrix": [
                1.0,
                1.5893299121216846e-8,
                -6.75481004464018e-8,
                0.0,
                2.69685997977831e-8,
                0.9999999403953552,
                -1.9516699589989043e-14,
                0.0,
                6.75480009704188e-8,
                1.1605499954060392e-14,
                1.0,
                0.0,
                0.0,
                1.6250001192092896,
                -2.273740007038838e-13,
                1.0
            ],
            "name": "TailNb"
        },
        {
            "matrix": [
                -1.359519927746078e-7,
                0.9999999403953552,
                -1.0728400212656197e-7,
                0.0,
                1.0,
                1.1920899822825962e-7,
                4.371139894487897e-8,
                0.0,
                4.371139894487897e-8,
                -1.0728400212656197e-7,
                -0.9999999403953552,
                0.0,
                4.768369876728684e-7,
                1.94999897480011,
                2.273740007038838e-13,
                1.0
            ],
            "name": "TailNc"
        },
        {
            "children": [
                28
            ],
            "matrix": [
                0.9848085045814514,
                -0.17364400625228885,
                2.9448299798673365e-8,
                0.0,
                -0.17364400625228885,
                -0.984808623790741,
                1.357840062610194e-7,
                0.0,
                5.4227498047509929e-9,
                -1.3883500571409969e-7,
                -1.0,
                0.0,
                2.9509010314941408,
                0.790684700012207,
                -1.4625029563903809,
                1.0
            ],
            "name": "RLegJ"
        },
        {
            "children": [
                29
            ],
            "matrix": [
                0.3420200049877167,
                -0.9396927356719972,
                -2.366799947139953e-7,
                0.0,
                0.9396927356719972,
                0.3420200049877167,
                3.7017297671582137e-8,
                0.0,
                -2.3115900305015207e-8,
                -1.774580056235209e-7,
                1.0,
                0.0,
                -1.1920899822825962e-7,
                2.6337978839874269,
                -1.1920899822825962e-7,
                1.0
            ],
            "name": "RKneeJ"
        },
        {
            "children": [
                30
            ],
            "matrix": [
                0.3090156018733978,
                0.9510570168495178,
                2.6775499151199257e-8,
                0.0,
                -0.9510570168495178,
                0.30901581048965456,
                -1.2732100174162046e-7,
                0.0,
                -1.9934199713134149e-7,
                7.148690173153227e-8,
                1.0,
                0.0,
                -4.768369876728684e-7,
                2.2581911087036139,
                1.1920899822825962e-7,
                1.0
            ],
            "name": "RFootJ"
        },
        {
            "matrix": [
                -0.978148341178894,
                0.20790819823741914,
                1.7188500578413369e-7,
                0.0,
                0.20790819823741914,
                0.9781479835510254,
                -8.850260080350836e-9,
                0.0,
                -1.0547100259827859e-7,
                4.383829832477205e-8,
                -1.0,
                0.0,
                -2.38419005427204e-7,
                2.006342887878418,
                -1.1920899822825962e-7,
                1.0
            ],
            "name": "RToeN"
        },
        {
            "children": [
                32
            ],
            "matrix": [
                0.9848085045814514,
                -0.17364400625228885,
                1.1048300052607375e-7,
                0.0,
                -0.17364400625228885,
                -0.9848083257675172,
                4.5261199232982117e-8,
                0.0,
                1.009450016908886e-7,
                -6.375829997296023e-8,
                -0.9999999403953552,
                0.0,
                2.9509010314941408,
                0.790684700012207,
                1.4624969959259034,
                1.0
            ],
            "name": "LLegJ"
        },
        {
            "children": [
                33
            ],
            "matrix": [
                0.3420186936855316,
                -0.9396932125091552,
                1.7002599861370985e-7,
                0.0,
                0.9396929740905762,
                0.3420188128948212,
                -5.125889934731731e-9,
                0.0,
                1.032870002859454e-7,
                -2.6347299808549e-7,
                0.9999999403953552,
                0.0,
                0.0,
                2.633809089660645,
                0.0,
                1.0
            ],
            "name": "LKneeJ"
        },
        {
            "children": [
                34
            ],
            "matrix": [
                0.30901211500167849,
                0.9510580897331238,
                -1.1830399770929036e-8,
                0.0,
                -0.9510580897331238,
                0.30901211500167849,
                1.604649924047408e-7,
                0.0,
                3.954710052767041e-7,
                -2.796739977384277e-7,
                1.0,
                0.0,
                0.0,
                2.2581770420074465,
                -1.1920899822825962e-7,
                1.0
            ],
            "name": "LFootJ"
        },
        {
            "matrix": [
                -0.9781478047370912,
                0.20791110396385194,
                1.888469967070705e-7,
                0.0,
                0.20791110396385194,
                0.9781476259231569,
                -6.935339769142958e-8,
                0.0,
                -1.1013799650072544e-7,
                -3.9875398982758279e-8,
                -1.0,
                0.0,
                2.38419005427204e-7,
                2.0063400268554689,
                -1.1920899822825962e-7,
                1.0
            ],
            "name": "LToeN"
        },
        {
            "children": [
                2
            ],
            "matrix": [
                1.0,
                2.2204500197172535e-16,
                -2.2204500197172535e-16,
                0.0,
                0.0,
                -1.0,
                -3.258410004036705e-7,
                0.0,
                -2.2204500197172535e-16,
                3.258410004036705e-7,
                -1.0,
                0.0,
                0.0,
                0.0,
                0.0,
                1.0
            ],
            "name": "Armature"
        }
    ],
    "meshes": [
        {
            "primitives": [
                {
                    "attributes": {
                        "JOINTS_0": 1,
                        "NORMAL": 2,
                        "POSITION": 3,
                        "TEXCOORD_0": 4,
                        "WEIGHTS_0": 5
                    },
                    "indices": 0,
                    "mode": 4,
                    "material": 0
                }
            ],
            "name": "TopN"
        }
    ],
    "skins": [
        {
            "inverseBindMatrices": 6,
            "skeleton": 2,
            "joints": [
                2,
                3,
                5,
                23,
                31,
                32,
                33,
                34,
                27,
                28,
                29,
                30,
                24,
                25,
                26,
                6,
                15,
                16,
                17,
                21,
                22,
                20,
                18,
                19,
                11,
                12,
                13,
                14,
                7,
                8,
                9,
                10,
                4
            ],
            "name": "Armature"
        }
    ],
    "accessors": [
        {
            "bufferView": 0,
            "byteOffset": 0,
            "componentType": 5123,
            "count": 8580,
            "max": [
                1779
            ],
            "min": [
                0
            ],
            "type": "SCALAR"
        },
        {
            "bufferView": 1,
            "byteOffset": 0,
            "componentType": 5123,
            "count": 1780,
            "max": [
                31,
                31,
                29,
                0
            ],
            "min": [
                3,
                0,
                0,
                0
            ],
            "type": "VEC4"
        },
        {
            "bufferView": 2,
            "byteOffset": 0,
            "componentType": 5126,
            "count": 1780,
            "max": [
                0.9997559189796448,
                0.999847412109375,
                0.999969482421875
            ],
            "min": [
                -0.9997559189796448,
                -0.997802734375,
                -0.999969482421875
            ],
            "type": "VEC3"
        },
        {
            "bufferView": 2,
            "byteOffset": 21360,
            "componentType": 5126,
            "count": 1780,
            "max": [
                3.1753299236297609,
                7.940979957580566,
                0.08491294831037522
            ],
            "min": [
                -3.175339937210083,
                -5.981839656829834,
                -12.300399780273438
            ],
            "type": "VEC3"
        },
        {
            "bufferView": 1,
            "byteOffset": 14240,
            "componentType": 5126,
            "count": 1780,
            "max": [
                0.9921879768371582,
                0.992188036441803
            ],
            "min": [
                -0.9916989803314208,
                0.007808983325958252
            ],
            "type": "VEC2"
        },
        {
            "bufferView": 3,
            "byteOffset": 0,
            "componentType": 5126,
            "count": 1780,
            "max": [
                1.0,
                0.8980389833450317,
                0.8039220571517944,
                0.0
            ],
            "min": [
                0.05098003149032593,
                0.0,
                0.0,
                0.0
            ],
            "type": "VEC4"
        },
        {
            "bufferView": 4,
            "byteOffset": 0,
            "componentType": 5126,
            "count": 33,
            "max": [
                1.0,
                1.0,
                1.0,
                0.0,
                1.0,
                0.8829454183578491,
                1.0,
                0.0,
                0.8829455375671387,
                1.0,
                1.0,
                0.0,
                5.070001125335693,
                6.732147216796875,
                10.125499725341797,
                1.0
            ],
            "min": [
                -1.0,
                -1.0,
                -1.0,
                0.0,
                -1.0,
                -1.0,
                -1.0,
                0.0,
                -1.0,
                -1.0,
                -1.0,
                0.0,
                -7.734208106994629,
                -10.125499725341797,
                -10.125499725341797,
                1.0
            ],
            "type": "MAT4"
        }
    ],
    "materials": [
        {
            "pbrMetallicRoughness": {
                "baseColorTexture": {
                    "index": 0
                },
                "metallicFactor": 0.0
            },
            "emissiveFactor": [
                0.0,
                0.0,
                0.0
            ],
            "doubleSided": true,
            "name": "TopN-effect"
        }
    ],
    "textures": [
        {
            "sampler": 0,
            "source": 0
        }
    ],
    "images": [
        {
